@@@@@@@@@@@@@@@@@@@@@@@@@@@@@@@@@@@@@@@@@@@@@@@@@@@@@@@@@@@@@@@@@@@@@@@@@@@@@@@@@@@@@@@@@@@@@@@@@@@@@@@@@@@@@@@@@@@@@@@@@@@@@@@@@@@@@@@@@@@@@@@@@@@@@@@@@@@@@@@@@@@@@@@@@@@@@@@@@@@@@@@@@@@@@@@@@@@@@@@@
Rule: CheckersRules.QUANTUM_V2
Board size: 5x5
@@@@@@@@@@@@@@@@@@@@@@@@@@@@@@@@@@@@@@@@@@@@@@@@@@@@@@@@@@@@@@@@@@@@@@@@@@@@@@@@@@@@@@@@@@@@@@@@@@@@@@@@@@@@@@@@@@@@@@@@@@@@@@@@@@@@@@@@@@@@@@@@@@@@@@@@@@@@@@@@@@@@@@@@@@@@@@@@@@@@@@@@@@@@@@@@@@@@@@@@
iteration: 49
All times: [0.0977783203125, 0.04983091354370117, 0.01691412925720215, 0.033176422119140625, 0.0, 0.03344225883483887, 0.017528295516967773, 0.03248929977416992, 0.03223395347595215, 0.01781463623046875, 0.18564414978027344, 0.031137943267822266, 0.16256093978881836, 0.0722188949584961, 0.03514599800109863, 0.26828455924987793, 0.034595489501953125, 0.04551887512207031, 0.022733688354492188, 0.040315866470336914, 0.05228257179260254, 0.08395242691040039, 0.03283500671386719, 0.1617588996887207, 0.06598138809204102, 0.008080244064331055, 0.08102560043334961, 0.13477110862731934, 0.09058260917663574, 0.1521470546722412, 0.04146909713745117, 0.05864977836608887, 0.010157346725463867, 0.07300519943237305, 0.09042739868164062, 0.03130078315734863, 0.09021162986755371, 0.06072711944580078, 0.04047274589538574, 0.04046440124511719, 0.010145187377929688, 0.04037284851074219, 0.020233869552612305, 0.06877970695495605, 0.1132044792175293, 0.2107541561126709, 0.03247809410095215, 0.020177364349365234, 0.034783124923706055, 0.03158688545227051, 0.025192975997924805, 0.10234951972961426, 0.06875133514404297, 0.03261852264404297, 0.10153841972351074, 0.13939929008483887, 0.03242158889770508, 0.048636436462402344, 0.05616354942321777, 0.04982137680053711, 0.01531982421875, 0.010088205337524414, 0.1638200283050537, 0.331148624420166, 0.055242061614990234, 0.017679929733276367, 0.03225898742675781, 0.05777406692504883, 0.006999492645263672, 0.015880107879638672, 0.12413692474365234, 0.17664813995361328, 0.008001089096069336, 0.21074151992797852, 0.18426084518432617, 0.009992122650146484, 0.2821190357208252, 0.033952951431274414, 0.06678295135498047, 0.049140214920043945, 0.03686714172363281, 0.06921529769897461, 0.0645601749420166, 0.11180949211120605, 0.028158903121948242, 0.044457435607910156, 0.12159180641174316, 0.06066465377807617, 0.14364933967590332, 0.024630308151245117, 0.01045370101928711, 0.027042150497436523, 0.12055277824401855, 0.012544393539428711, 0.09942030906677246, 0.1745610237121582, 0.1904008388519287, 0.062286376953125, 0.010355949401855469, 0.1128988265991211]
All moves: [21, 22, 7, 10, 9, 9, 8, 10, 10, 9, 63, 9, 43, 15, 9, 63, 12, 15, 8, 10, 14, 28, 9, 41, 22, 8, 23, 30, 27, 28, 20, 23, 8, 22, 39, 12, 21, 19, 23, 12, 9, 18, 10, 21, 35, 59, 9, 10, 7, 18, 12, 25, 23, 12, 35, 44, 10, 18, 17, 19, 8, 13, 46, 48, 13, 9, 17, 20, 8, 7, 46, 58, 7, 47, 29, 7, 61, 19, 9, 24, 16, 15, 23, 40, 15, 20, 26, 21, 28, 8, 12, 9, 29, 8, 30, 39, 38, 10, 8, 25]
Average time: 0.07247183799743652, minimum time: 0.0, max time: 0.331148624420166
Standard deviation average times: 0.06555152360717247
Average number of moves: 21.18
Standard deviation average number of moves: 14.290195833846958
Draw: 0, White wins: 51, Black wins: 49
@@@@@@@@@@@@@@@@@@@@@@@@@@@@@@@@@@@@@@@@@@@@@@@@@@@@@@@@@@@@@@@@@@@@@@@@@@@@@@@@@@@@@@@@@@@@@@@@@@@@@@@@@@@@@@@@@@@@@@@@@@@@@@@@@@@@@@@@@@@@@@@@@@@@@@@@@@@@@@@@@@@@@@@@@@@@@@@@@@@@@@@@@@@@@@@@@@@@@@@@
Rule: CheckersRules.QUANTUM_V2
Board size: 6x6
@@@@@@@@@@@@@@@@@@@@@@@@@@@@@@@@@@@@@@@@@@@@@@@@@@@@@@@@@@@@@@@@@@@@@@@@@@@@@@@@@@@@@@@@@@@@@@@@@@@@@@@@@@@@@@@@@@@@@@@@@@@@@@@@@@@@@@@@@@@@@@@@@@@@@@@@@@@@@@@@@@@@@@@@@@@@@@@@@@@@@@@@@@@@@@@@@@@@@@@@
iteration: 49
All times: [0.09201288223266602, 0.4242129325866699, 0.31533312797546387, 0.13406729698181152, 0.04572463035583496, 0.053658485412597656, 0.014046192169189453, 0.1943037509918213, 0.07866716384887695, 0.15205669403076172, 0.14314842224121094, 0.09282207489013672, 0.06017708778381348, 0.5288257598876953, 0.030356645584106445, 0.06364750862121582, 0.0457148551940918, 0.22606325149536133, 0.16365718841552734, 0.11925148963928223, 0.2717001438140869, 0.154998779296875, 0.5275382995605469, 0.04009103775024414, 0.05020499229431152, 0.1511843204498291, 0.12552309036254883, 0.19164443016052246, 0.4938998222351074, 0.030420780181884766, 0.26631665229797363, 0.29192090034484863, 0.03212261199951172, 0.1530628204345703, 0.08069300651550293, 0.09292936325073242, 0.016692161560058594, 0.3726377487182617, 0.13807940483093262, 0.06926584243774414, 0.07125568389892578, 0.03632950782775879, 0.10902833938598633, 0.10127925872802734, 0.18465113639831543, 0.31725263595581055, 0.026094675064086914, 0.11145758628845215, 0.06737494468688965, 0.07271313667297363, 0.05361604690551758, 0.05913352966308594, 0.13677120208740234, 0.11923575401306152, 0.1890425682067871, 0.05201363563537598, 0.16747212409973145, 0.06034588813781738, 0.23405170440673828, 0.13569307327270508, 0.007687568664550781, 0.050470590591430664, 0.03654813766479492, 0.103363037109375, 0.12396764755249023, 0.26352572441101074, 0.19431042671203613, 0.1994924545288086, 0.05271196365356445, 0.13358807563781738, 0.15194034576416016, 0.09163069725036621, 0.030340909957885742, 0.05060625076293945, 0.08099627494812012, 0.11212897300720215, 0.06102418899536133, 0.14215517044067383, 0.04045867919921875, 0.07093000411987305, 0.030441999435424805, 0.21117115020751953, 0.022379636764526367, 0.06896090507507324, 0.06215834617614746, 0.1327524185180664, 0.050762176513671875, 0.04863572120666504, 0.05073881149291992, 0.11369895935058594, 0.04054856300354004, 0.08110737800598145, 0.07133960723876953, 0.2946815490722656, 0.08105659484863281, 0.04047250747680664, 0.03846573829650879, 0.15829133987426758, 0.2705700397491455, 0.07099604606628418]
All moves: [15, 81, 52, 39, 17, 19, 14, 53, 20, 44, 36, 23, 14, 109, 16, 19, 20, 64, 47, 36, 56, 35, 89, 14, 15, 31, 33, 51, 123, 22, 80, 41, 15, 47, 23, 22, 15, 80, 44, 25, 20, 15, 30, 31, 41, 83, 18, 30, 25, 17, 17, 21, 35, 45, 52, 16, 41, 17, 40, 43, 12, 13, 16, 34, 45, 73, 34, 48, 18, 54, 42, 30, 12, 28, 20, 36, 17, 30, 19, 28, 13, 71, 17, 26, 28, 43, 17, 11, 17, 33, 24, 20, 20, 57, 28, 18, 14, 35, 56, 23]
Average time: 0.1277059268951416, minimum time: 0.007687568664550781, max time: 0.5288257598876953
Standard deviation average times: 0.10894181495633275
Average number of moves: 34.16
Standard deviation average number of moves: 21.76120168993199
Draw: 0, White wins: 50, Black wins: 50
@@@@@@@@@@@@@@@@@@@@@@@@@@@@@@@@@@@@@@@@@@@@@@@@@@@@@@@@@@@@@@@@@@@@@@@@@@@@@@@@@@@@@@@@@@@@@@@@@@@@@@@@@@@@@@@@@@@@@@@@@@@@@@@@@@@@@@@@@@@@@@@@@@@@@@@@@@@@@@@@@@@@@@@@@@@@@@@@@@@@@@@@@@@@@@@@@@@@@@@@
Rule: CheckersRules.QUANTUM_V2
Board size: 7x7
@@@@@@@@@@@@@@@@@@@@@@@@@@@@@@@@@@@@@@@@@@@@@@@@@@@@@@@@@@@@@@@@@@@@@@@@@@@@@@@@@@@@@@@@@@@@@@@@@@@@@@@@@@@@@@@@@@@@@@@@@@@@@@@@@@@@@@@@@@@@@@@@@@@@@@@@@@@@@@@@@@@@@@@@@@@@@@@@@@@@@@@@@@@@@@@@@@@@@@@@
iteration: 49
All times: [0.18543720245361328, 0.024987220764160156, 0.27471399307250977, 0.46895265579223633, 0.17373132705688477, 0.3806264400482178, 0.5269544124603271, 0.09918880462646484, 0.26607561111450195, 0.42079854011535645, 0.0827639102935791, 0.7290794849395752, 0.08228731155395508, 0.08934593200683594, 0.09144163131713867, 0.7971110343933105, 0.08798909187316895, 0.051137447357177734, 0.2236175537109375, 0.18278169631958008, 0.18053340911865234, 0.16127657890319824, 0.23899126052856445, 0.07793879508972168, 0.364016056060791, 0.8572354316711426, 0.3366737365722656, 0.030457019805908203, 0.08091998100280762, 0.07105898857116699, 0.37375307083129883, 0.722308874130249, 0.10151171684265137, 0.0912008285522461, 0.2561647891998291, 0.3729386329650879, 0.1515653133392334, 0.18579792976379395, 0.3318452835083008, 0.05061221122741699, 0.05057978630065918, 0.40736913681030273, 0.027114391326904297, 0.21043610572814941, 0.5989456176757812, 0.10287809371948242, 0.12348723411560059, 0.08533692359924316, 0.8155882358551025, 0.1330554485321045, 0.3198816776275635, 0.07288694381713867, 0.04851412773132324, 0.6172685623168945, 0.2987370491027832, 1.1432170867919922, 0.12792110443115234, 0.6027047634124756, 0.12178182601928711, 0.07850956916809082, 0.032000064849853516, 0.10135841369628906, 0.1610102653503418, 0.3899986743927002, 0.06287956237792969, 0.1422896385192871, 0.051241397857666016, 0.08399128913879395, 0.12564420700073242, 0.07751011848449707, 0.1305553913116455, 0.16875052452087402, 0.13387274742126465, 0.040549278259277344, 0.04048871994018555, 0.018283367156982422, 0.03198528289794922, 0.21195101737976074, 0.08690094947814941, 0.0727546215057373, 0.03190970420837402, 0.18207597732543945, 0.5864298343658447, 0.09463882446289062, 0.30022644996643066, 0.21765851974487305, 0.16557073593139648, 0.41187620162963867, 0.16295099258422852, 0.14178085327148438, 0.18869304656982422, 0.12946629524230957, 0.16755080223083496, 0.20148587226867676, 0.2330160140991211, 0.4164109230041504, 0.2704160213470459, 0.10156035423278809, 0.7470889091491699, 0.11040568351745605]
All moves: [42, 18, 67, 73, 44, 93, 117, 23, 57, 95, 21, 141, 24, 28, 22, 119, 24, 21, 27, 57, 55, 40, 62, 36, 71, 148, 78, 16, 25, 22, 85, 116, 21, 24, 51, 64, 56, 42, 64, 18, 24, 70, 17, 41, 112, 35, 20, 22, 158, 36, 71, 31, 20, 88, 54, 191, 22, 92, 26, 25, 21, 29, 28, 72, 24, 32, 16, 23, 21, 19, 35, 24, 24, 19, 17, 17, 17, 58, 36, 25, 15, 50, 105, 22, 63, 42, 43, 63, 36, 32, 22, 23, 37, 54, 42, 61, 52, 23, 157, 29]
Average time: 0.23287262439727782, minimum time: 0.018283367156982422, max time: 1.1432170867919922
Standard deviation average times: 0.2201051432970809
Average number of moves: 48.9
Standard deviation average number of moves: 36.535163634753054
Draw: 0, White wins: 58, Black wins: 42
@@@@@@@@@@@@@@@@@@@@@@@@@@@@@@@@@@@@@@@@@@@@@@@@@@@@@@@@@@@@@@@@@@@@@@@@@@@@@@@@@@@@@@@@@@@@@@@@@@@@@@@@@@@@@@@@@@@@@@@@@@@@@@@@@@@@@@@@@@@@@@@@@@@@@@@@@@@@@@@@@@@@@@@@@@@@@@@@@@@@@@@@@@@@@@@@@@@@@@@@
Rule: CheckersRules.QUANTUM_V2
Board size: 8x8
@@@@@@@@@@@@@@@@@@@@@@@@@@@@@@@@@@@@@@@@@@@@@@@@@@@@@@@@@@@@@@@@@@@@@@@@@@@@@@@@@@@@@@@@@@@@@@@@@@@@@@@@@@@@@@@@@@@@@@@@@@@@@@@@@@@@@@@@@@@@@@@@@@@@@@@@@@@@@@@@@@@@@@@@@@@@@@@@@@@@@@@@@@@@@@@@@@@@@@@@
iteration: 49
All times: [0.17193984985351562, 0.2714262008666992, 0.723675012588501, 0.17306971549987793, 0.5486252307891846, 0.45711588859558105, 0.1110832691192627, 1.1036837100982666, 0.6473941802978516, 1.1727988719940186, 1.1236462593078613, 0.3669719696044922, 0.4458591938018799, 0.7010436058044434, 0.7636837959289551, 0.2631046772003174, 0.03855609893798828, 0.531256914138794, 0.8172781467437744, 0.8541724681854248, 0.6854236125946045, 0.5311288833618164, 0.9109795093536377, 0.3278999328613281, 1.0908937454223633, 0.11338639259338379, 0.04051947593688965, 0.09124135971069336, 0.14176106452941895, 0.09089040756225586, 1.317685842514038, 1.1232333183288574, 0.12164425849914551, 0.5067181587219238, 0.18916106224060059, 0.7711329460144043, 0.40607190132141113, 1.2856299877166748, 0.3714172840118408, 0.10951900482177734, 1.2664387226104736, 0.1648545265197754, 0.3323066234588623, 0.3814423084259033, 0.5850419998168945, 0.325603723526001, 0.11178803443908691, 1.6705679893493652, 0.1287686824798584, 0.4575462341308594, 0.7955894470214844, 0.23759007453918457, 0.202347993850708, 1.1761703491210938, 0.39402031898498535, 0.5971455574035645, 0.813164472579956, 0.7183418273925781, 1.2327685356140137, 0.8316929340362549, 1.8203785419464111, 0.23006987571716309, 0.2747313976287842, 0.2520923614501953, 0.8465380668640137, 0.153456449508667, 0.07113289833068848, 0.2318565845489502, 0.6039636135101318, 0.1747758388519287, 1.5916080474853516, 1.3212018013000488, 1.0099198818206787, 1.0646214485168457, 0.15136432647705078, 0.1674647331237793, 0.1157834529876709, 1.1764214038848877, 1.061546802520752, 1.2331933975219727, 0.13148140907287598, 1.1816136837005615, 0.47743654251098633, 0.08889937400817871, 0.8385703563690186, 0.7775661945343018, 0.14335131645202637, 0.8543343544006348, 0.27051472663879395, 0.15186238288879395, 0.3509676456451416, 1.0534038543701172, 0.14189672470092773, 0.5061085224151611, 0.6072278022766113, 0.15166425704956055, 0.08966946601867676, 1.4900414943695068, 0.5021927356719971, 0.15100574493408203]
All moves: [26, 57, 137, 45, 97, 83, 28, 153, 92, 144, 192, 71, 70, 103, 133, 38, 20, 100, 157, 164, 108, 106, 135, 78, 168, 31, 22, 24, 31, 23, 182, 166, 34, 98, 43, 115, 77, 234, 99, 28, 216, 40, 56, 69, 94, 62, 28, 273, 31, 68, 124, 54, 48, 164, 84, 101, 181, 130, 194, 115, 296, 45, 47, 36, 129, 34, 28, 76, 74, 39, 250, 192, 187, 161, 31, 32, 20, 167, 166, 203, 32, 175, 101, 23, 137, 115, 46, 150, 41, 34, 71, 149, 37, 85, 127, 31, 25, 218, 98, 42]
Average time: 0.5744784307479859, minimum time: 0.03855609893798828, max time: 1.8203785419464111
Standard deviation average times: 0.44065550550412463
Average number of moves: 97.94
Standard deviation average number of moves: 65.40237848206371
Draw: 0, White wins: 55, Black wins: 45
@@@@@@@@@@@@@@@@@@@@@@@@@@@@@@@@@@@@@@@@@@@@@@@@@@@@@@@@@@@@@@@@@@@@@@@@@@@@@@@@@@@@@@@@@@@@@@@@@@@@@@@@@@@@@@@@@@@@@@@@@@@@@@@@@@@@@@@@@@@@@@@@@@@@@@@@@@@@@@@@@@@@@@@@@@@@@@@@@@@@@@@@@@@@@@@@@@@@@@@@
Rule: CheckersRules.QUANTUM_V2
Board size: 10x10
@@@@@@@@@@@@@@@@@@@@@@@@@@@@@@@@@@@@@@@@@@@@@@@@@@@@@@@@@@@@@@@@@@@@@@@@@@@@@@@@@@@@@@@@@@@@@@@@@@@@@@@@@@@@@@@@@@@@@@@@@@@@@@@@@@@@@@@@@@@@@@@@@@@@@@@@@@@@@@@@@@@@@@@@@@@@@@@@@@@@@@@@@@@@@@@@@@@@@@@@
iteration: 49
All times: [4.31732702255249, 0.24150466918945312, 0.2814967632293701, 4.770281076431274, 1.4134724140167236, 0.32337331771850586, 0.25142955780029297, 0.6164650917053223, 2.942237377166748, 0.3742067813873291, 2.630434989929199, 1.2080795764923096, 2.2181925773620605, 0.7602798938751221, 3.708901882171631, 0.22298336029052734, 1.742267370223999, 3.323150157928467, 5.458206653594971, 0.4253056049346924, 0.5270590782165527, 1.956350326538086, 1.502913236618042, 2.11195707321167, 0.4253668785095215, 1.7586891651153564, 0.5655255317687988, 11.064920425415039, 3.2352328300476074, 1.1649606227874756, 0.8296370506286621, 2.3029584884643555, 0.7503650188446045, 4.307551860809326, 4.057145357131958, 1.9534337520599365, 2.0672659873962402, 3.1616978645324707, 1.987806797027588, 0.3241400718688965, 1.2594695091247559, 2.561225175857544, 1.7204077243804932, 0.26933741569519043, 2.621260166168213, 0.6073386669158936, 0.945803165435791, 0.7426631450653076, 0.8892652988433838, 2.137901544570923, 0.26308417320251465, 4.179944753646851, 2.0931289196014404, 0.3647162914276123, 1.5162599086761475, 2.893244743347168, 0.7889034748077393, 4.52580451965332, 0.7341616153717041, 0.5843250751495361, 0.41905808448791504, 0.5069561004638672, 1.9655709266662598, 2.6065518856048584, 0.23401141166687012, 2.9061663150787354, 2.012328624725342, 0.2747063636779785, 0.3829631805419922, 3.7762067317962646, 0.5638763904571533, 0.9224703311920166, 0.30337977409362793, 1.9152731895446777, 1.7825038433074951, 0.42087793350219727, 2.338155746459961, 0.2749521732330322, 7.9590911865234375, 1.5839507579803467, 7.490882396697998, 0.304826021194458, 0.39379048347473145, 6.150475978851318, 4.144619941711426, 1.2602779865264893, 3.042088508605957, 2.7275567054748535, 6.695169687271118, 0.24986743927001953, 0.32280707359313965, 5.633777141571045, 0.6006648540496826, 1.7499992847442627, 0.7655682563781738, 2.9642996788024902, 0.1978774070739746, 0.5017268657684326, 0.3837747573852539, 3.7388527393341064]
All moves: [440, 48, 66, 325, 169, 60, 50, 101, 275, 71, 242, 186, 244, 128, 416, 49, 251, 356, 479, 71, 89, 238, 196, 225, 76, 207, 96, 1140, 300, 169, 124, 307, 131, 455, 406, 258, 243, 289, 216, 73, 154, 253, 211, 59, 296, 94, 125, 90, 132, 211, 53, 416, 251, 54, 155, 357, 109, 409, 110, 88, 69, 68, 220, 239, 47, 334, 263, 63, 70, 362, 94, 165, 55, 185, 244, 57, 242, 54, 802, 161, 656, 51, 75, 586, 358, 139, 287, 255, 553, 52, 51, 528, 106, 181, 115, 267, 47, 62, 79, 390]
Average time: 1.9745077300071716, minimum time: 0.1978774070739746, max time: 11.064920425415039
Standard deviation average times: 1.955216340001916
Average number of moves: 215.24
Standard deviation average number of moves: 177.83553405244174
Draw: 0, White wins: 50, Black wins: 50
@@@@@@@@@@@@@@@@@@@@@@@@@@@@@@@@@@@@@@@@@@@@@@@@@@@@@@@@@@@@@@@@@@@@@@@@@@@@@@@@@@@@@@@@@@@@@@@@@@@@@@@@@@@@@@@@@@@@@@@@@@@@@@@@@@@@@@@@@@@@@@@@@@@@@@@@@@@@@@@@@@@@@@@@@@@@@@@@@@@@@@@@@@@@@@@@@@@@@@@@
Rule: CheckersRules.QUANTUM_V2
Board size: 12x12
@@@@@@@@@@@@@@@@@@@@@@@@@@@@@@@@@@@@@@@@@@@@@@@@@@@@@@@@@@@@@@@@@@@@@@@@@@@@@@@@@@@@@@@@@@@@@@@@@@@@@@@@@@@@@@@@@@@@@@@@@@@@@@@@@@@@@@@@@@@@@@@@@@@@@@@@@@@@@@@@@@@@@@@@@@@@@@@@@@@@@@@@@@@@@@@@@@@@@@@@
iteration: 49
All times: [10.254196882247925, 3.4396800994873047, 1.1783313751220703, 4.61034631729126, 4.445784568786621, 8.824528932571411, 5.306015729904175, 21.340047121047974, 2.3798768520355225, 6.4805073738098145, 21.051402807235718, 18.758136749267578, 16.87803053855896, 10.239928245544434, 9.072192907333374, 14.155232429504395, 2.764402389526367, 9.56454348564148, 0.8097796440124512, 0.8061175346374512, 3.928072690963745, 1.73500657081604, 0.4860658645629883, 17.641161680221558, 3.0253746509552, 66.33594131469727, 0.6045074462890625, 8.012104034423828, 3.335916042327881, 15.026973009109497, 15.763562679290771, 1.1399195194244385, 9.074316263198853, 9.327679634094238, 8.652058362960815, 4.505139350891113, 1.3165745735168457, 0.5104372501373291, 0.7956392765045166, 8.715498447418213, 17.64156150817871, 18.541075468063354, 2.2729482650756836, 7.324464559555054, 6.201137542724609, 17.20001530647278, 6.069514036178589, 0.5089881420135498, 8.246780395507812, 4.33516263961792, 0.4849727153778076, 17.19404888153076, 15.570844650268555, 0.6701545715332031, 1.0279691219329834, 0.8111441135406494, 12.002953290939331, 13.930600643157959, 14.216214418411255, 0.4782557487487793, 0.37378478050231934, 11.560203075408936, 11.00283694267273, 13.689217329025269, 1.7809667587280273, 11.306011199951172, 11.353359460830688, 0.9054923057556152, 21.316373586654663, 0.7385802268981934, 12.185428142547607, 23.103644132614136, 10.675848245620728, 3.8548192977905273, 4.31514310836792, 1.7586486339569092, 42.569653034210205, 14.135146379470825, 5.628193140029907, 6.103402376174927, 22.32127857208252, 2.2854039669036865, 3.1583127975463867, 9.879350900650024, 32.577908992767334, 1.053631067276001, 14.266581058502197, 1.6005198955535889, 21.869223833084106, 3.704052686691284, 9.70096468925476, 14.505746126174927, 26.03507351875305, 11.30358076095581, 9.97892141342163, 0.44176316261291504, 11.087181568145752, 8.01460599899292, 17.6031756401062, 7.823827266693115]
All moves: [414, 242, 127, 282, 285, 456, 277, 1443, 158, 365, 972, 621, 574, 612, 644, 692, 233, 530, 96, 92, 285, 167, 85, 862, 206, 440, 88, 560, 222, 727, 1000, 107, 619, 545, 494, 393, 130, 77, 105, 571, 944, 1205, 224, 551, 332, 1082, 421, 85, 476, 289, 82, 1008, 915, 96, 97, 103, 630, 809, 770, 69, 74, 701, 619, 672, 136, 599, 459, 95, 1316, 78, 865, 462, 494, 300, 315, 159, 586, 562, 382, 436, 760, 192, 251, 667, 1483, 129, 825, 162, 1222, 290, 482, 787, 1158, 677, 570, 89, 614, 620, 563, 474]
Average time: 9.545876927375794, minimum time: 0.37378478050231934, max time: 66.33594131469727
Standard deviation average times: 9.70372676180011
Average number of moves: 483.11
Standard deviation average number of moves: 338.14822208760773
Draw: 0, White wins: 40, Black wins: 60
@@@@@@@@@@@@@@@@@@@@@@@@@@@@@@@@@@@@@@@@@@@@@@@@@@@@@@@@@@@@@@@@@@@@@@@@@@@@@@@@@@@@@@@@@@@@@@@@@@@@@@@@@@@@@@@@@@@@@@@@@@@@@@@@@@@@@@@@@@@@@@@@@@@@@@@@@@@@@@@@@@@@@@@@@@@@@@@@@@@@@@@@@@@@@@@@@@@@@@@@
Rule: CheckersRules.QUANTUM_V2
Board size: 14x14
@@@@@@@@@@@@@@@@@@@@@@@@@@@@@@@@@@@@@@@@@@@@@@@@@@@@@@@@@@@@@@@@@@@@@@@@@@@@@@@@@@@@@@@@@@@@@@@@@@@@@@@@@@@@@@@@@@@@@@@@@@@@@@@@@@@@@@@@@@@@@@@@@@@@@@@@@@@@@@@@@@@@@@@@@@@@@@@@@@@@@@@@@@@@@@@@@@@@@@@@
iteration: 49
All times: [37.8435754776001, 1.9668149948120117, 231.1866602897644, 95.54041385650635, 93.67931580543518, 5.643948793411255, 38.77082705497742, 53.71458339691162, 152.8878743648529, 31.990174770355225, 53.112427949905396, 94.11161851882935, 517.3721928596497, 18.98766851425171, 4.172638893127441, 73.19278216362, 29.491588354110718, 95.71344089508057, 3.940920352935791, 40.12322115898132, 103.16391825675964, 1.963611364364624, 11.527321100234985, 672.2505388259888, 2.977297067642212, 14.42674732208252, 0.836522102355957, 48.35334014892578, 21.399758338928223, 38.07521963119507, 18.553386688232422, 9.591514110565186, 30.020905017852783, 227.7830092906952, 90.51861238479614, 8.096358299255371, 101.34417223930359, 28.828508138656616, 101.3420832157135, 36.75397515296936, 17.433027744293213, 35.3307900428772, 62.18781542778015, 86.68284821510315, 1.3532168865203857, 11.028700828552246, 2.2087361812591553, 14.515697002410889, 33.209994077682495, 20.10450839996338, 170.66406989097595, 58.382648229599, 68.37088823318481, 26.011131286621094, 6.787116527557373, 12.117059469223022, 7.781565427780151, 94.54780435562134, 35.712581634521484, 69.60717487335205, 72.36444592475891, 1.3732225894927979, 1.0993716716766357, 35.53667140007019, 72.80535411834717, 99.00736403465271, 1.529125690460205, 1.270272970199585, 3.200159788131714, 95.33145332336426, 3.402054786682129, 16.914323568344116, 47.35889983177185, 20.31638789176941, 26.67473292350769, 9.803400993347168, 31.670873403549194, 65.43794512748718, 185.8858413696289, 1.367234468460083, 37.25567173957825, 26.681738138198853, 58.03985333442688, 80.52894115447998, 20.42931365966797, 0.7425692081451416, 57.2515869140625, 19.25907588005066, 33.66874051094055, 1.7789828777313232, 40.12704610824585, 0.7955443859100342, 25.046672821044922, 4.561380863189697, 22.564371585845947, 33.845637798309326, 29.06636333465576, 11.04369330406189, 36.61605429649353, 0.9174747467041016]
All moves: [1149, 147, 633, 1951, 2215, 358, 1291, 1613, 883, 730, 1206, 1575, 912, 637, 284, 1814, 872, 1522, 272, 1100, 924, 140, 633, 1126, 204, 833, 126, 1885, 625, 896, 859, 510, 937, 1380, 1184, 443, 1215, 1177, 1832, 1153, 940, 1220, 838, 1141, 136, 561, 163, 821, 1241, 776, 1230, 1530, 1497, 1234, 299, 730, 410, 808, 1949, 1084, 1694, 153, 121, 1214, 2403, 2139, 121, 149, 258, 1221, 247, 453, 1942, 628, 915, 521, 1040, 1219, 2317, 129, 1063, 923, 1995, 918, 813, 125, 1629, 502, 1107, 180, 1676, 110, 404, 355, 575, 1562, 946, 374, 1665, 140]
Average time: 54.0785671043396, minimum time: 0.7425692081451416, max time: 672.2505388259888
Standard deviation average times: 91.17276190720287
Average number of moves: 938.0
Standard deviation average number of moves: 592.9540156255497
Draw: 0, White wins: 40, Black wins: 60
